2.5 4 1552672646 1555955846 丁.pdf
2.5 4 1552672646 1555955846 不.pdf
2.5 4 1552672646 1555955846 不客气.pdf
2.5 4 1552672646 1555955846 你.pdf
2.5 4 1552672646 1555955846 你好.pdf
2.5 4 1552672646 1555955846 你好吗.pdf
2.5 4 1552672646 1555955846 再.pdf
2.5 4 1552672646 1555955846 再见.pdf
2.5 4 1552672646 1555955846 加.pdf
2.5 4 1552672646 1555955846 加油.pdf
2.5 4 1552672646 1555955846 吗.pdf
1.4 4 1552651891 1553602291 坦.pdf
2.5 4 1552672646 1555955846 多.pdf
2.5 4 1552672646 1555955846 多谢.pdf
2.5 4 1552672646 1555955846 好.pdf
2.5 4 1552672646 1555955846 客.pdf
2.46 4 1552672646 1555869446 客气.pdf
1.58 4 1552651891 1554034291 对.pdf
2.5 4 1552672646 1555955846 对不起.pdf
2.46 4 1552672646 1555869446 康.pdf
2.5 4 1552672646 1555955846 康斯坦丁.pdf
2.5 4 1552672646 1555955846 斯.pdf
1.92 1 1552672646 1552759046 欢.pdf
2.5 4 1552672646 1555955846 欢迎.pdf
2.36 4 1552672646 1555696646 毛.pdf
2.5 4 1552672646 1555955846 气.pdf
2 4 1552651891 1554725491 油.pdf
2.5 4 1552672646 1555955846 猫.pdf
2.5 4 1552672646 1555955846 见.pdf
2.5 4 1552672646 1555955846 谢.pdf
2.5 4 1552672646 1555955846 谢谢.pdf
1.82 4 1552651891 1554552691 起.pdf
2.42 4 1552672646 1555783046 迎.pdf
2.5 4 1552672646 1555955846 下.pdf
2.14 1 1552672646 1552759046 和.pdf
2.5 4 1552672646 1555955846 山.pdf
2.5 4 1552672646 1555955846 山鸡.pdf
2.5 4 1552672646 1555955846 巾.pdf
2.5 4 1552672646 1555955846 日.pdf
2.5 4 1552672646 1555955846 日本.pdf
2.06 1 1552672646 1552759046 日记.pdf
2.5 4 1552672646 1555955846 日记本.pdf
2.5 4 1552672646 1555955846 本.pdf
2.22 4 1552651891 1555330291 毛巾.pdf
2.5 4 1552672646 1555955846 毛笔.pdf
2.46 4 1552672646 1555869446 球.pdf
2.38 4 1552651891 1555503091 笔.pdf
2.5 4 1552672646 1555955846 羽.pdf
2.5 4 1552672646 1555955846 羽毛.pdf
2.5 4 1552672646 1555955846 羽毛球.pdf
2.46 4 1552672646 1555869446 记.pdf
2.5 4 1552672646 1555955846 鸡.pdf
2.36 3 1552651891 1553861491 具.pdf
2.32 3 1552651891 1553861491 国.pdf
2.5 3 1552651891 1553947891 国家.pdf
2.5 3 1552651891 1553947891 家.pdf
2.46 3 1552651891 1553947891 家具.pdf
1.58 1 1552651891 1552738291 作.pdf
2.36 2 1552651891 1553170291 作者.pdf
2.5 2 1552651891 1553170291 或.pdf
2.36 2 1552651891 1553170291 或者.pdf
2.5 2 1552651891 1553170291 笔记本.pdf
2.5 2 1552651891 1553170291 者.pdf
2.32 2 1552651891 1553170291 记者.pdf
1.86 2 1552651891 1553170291 先.pdf
2.5 2 1552651891 1553170291 剑.pdf
2.5 2 1552651891 1553170291 好快的剑.pdf
2.5 2 1552651891 1553170291 快.pdf
2.14 1 1552651891 1552738291 生.pdf
2.5 2 1552651891 1553170291 的.pdf
2.46 2 1552651891 1553170291 老.pdf
2.5 2 1552651891 1553170291 老先生，请再抚一曲.pdf
2.5 2 1552651891 1553170291 蛋.pdf
2.5 2 1552651891 1553170291 鸡蛋.pdf
2.5 1 1552651891 1552738291 一.pdf
1.96 1 1552651891 1552738291 一块儿.pdf
2.32 1 1552651891 1552738291 儿.pdf
2.5 1 1552651891 1552738291 儿子.pdf
1.86 1 1552651891 1552738291 别.pdf
2.5 1 1552651891 1552738291 块.pdf
2.5 1 1552651891 1552738291 女.pdf
2.5 1 1552651891 1552738291 女儿.pdf
2.5 1 1552651891 1552738291 子.pdf
1.96 1 1552651891 1552738291 抚.pdf
2.28 1 1552651891 1552738291 曲.pdf
2.5 1 1552651891 1552738291 曲别针.pdf
2.32 1 1552651891 1552738291 请.pdf
2.5 1 1552651891 1552738291 针.pdf
