1.4 1 1630457657 1630544057 abhängen.pdf
1.92 2 1630457657 1630976057 auskennen.pdf
1.4 2 1630457657 1630976057 auswählen.pdf
1.82 2 1630457657 1630976057 einkaufen.pdf
1.4 1 1630457657 1630544057 entscheiden.pdf
1.96 2 1630457657 1630976057 erwarten.pdf
1.5 2 1630457657 1630976057 gedenken.pdf
1.3 2 1630457657 1630976057 gelingen.pdf
1.42 2 1630457657 1630976057 laufen.pdf
2.5 5 1630359345 1638567345 leben.pdf
2.5 5 1630359345 1638567345 leer.laufen.pdf
1.4 1 1630457657 1630544057 scheiden.pdf
1.9 5 1630359345 1633815345 schlagen.pdf
1.4 2 1630457657 1630976057 sich.verlesen.pdf
2.5 5 1630359345 1638567345 sollen.pdf
2.46 5 1630359345 1638394545 spazieren.pdf
2.5 5 1630359345 1638567345 stehen.bleiben.pdf
2.5 5 1630359345 1638567345 sterben.pdf
2.5 5 1630359345 1638567345 studieren.pdf
1.3 1 1630457657 1630544057 unterscheiden.pdf
1.4 2 1630457657 1630976057 verlesen.pdf
1.3 1 1630457657 1630544057 zielen.pdf
2.5 5 1630359345 1638567345 überleben.pdf
1.4 1 1630457657 1630544057 überlegen.pdf
1.5 2 1630457657 1630976057 folgen.pdf
2.32 5 1630359345 1637789745 legen.pdf
2.5 5 1630359345 1638567345 schmecken.pdf
2.46 5 1630359345 1638394545 schießen.pdf
2.16 2 1630457657 1630976057 nuscheln.pdf
2.5 5 1630359345 1638567345 wünschen.pdf
1.3 1 1630457657 1630544057 veranstalten.pdf
2.16 2 1630457657 1630976057 durchbrechen.pdf
1.94 2 1630457657 1630976057 erfragen.pdf
2.5 5 1630359345 1638567345 rennen.pdf
1.52 2 1630457657 1630976057 bekommen.pdf
1.4 2 1630457657 1630976057 aufwachen.pdf
2.5 5 1630359345 1638567345 führen.pdf
2.5 5 1630359345 1638567345 brauchen.pdf
1.5 2 1630457657 1630976057 lieber.wollen.pdf
2.38 2 1630457657 1630976057 kaufen.pdf
1.3 1 1630457657 1630544057 trauen.pdf
2.06 2 1630457657 1630976057 fehlen.pdf
1.3 2 1630457657 1630976057 bieten.pdf
1.88 5 1630359345 1634247345 halten.pdf
1.3 2 1630457657 1630976057 hinweisen.pdf
2.06 2 1630457657 1630976057 lassen.pdf
2.36 5 1630359345 1637098545 löschen.pdf
1.9 5 1630359345 1633296945 würgen.pdf
2.5 5 1630359345 1638567345 trainieren.pdf
2.46 5 1630359345 1638394545 zurücklassen.pdf
2.5 5 1630359345 1638567345 wissen.pdf
2.5 5 1630359345 1638567345 reduzieren.pdf
1.86 2 1630457657 1630976057 fühlen.pdf
1.5 2 1630457657 1630976057 umwerfen.pdf
2.46 5 1630359345 1638394545 steigern.pdf
2.06 5 1630359345 1635543345 ausgehen.pdf
2.38 2 1630457657 1630976057 kennen.pdf
1.4 1 1630457657 1630544057 erkennen.pdf
2.46 5 1630359345 1638394545 werden.pdf
1.3 1 1630457657 1630544057 gewährleisten.pdf
2.5 5 1630359345 1638567345 sein.pdf
1.62 2 1630457657 1630976057 verhindern.pdf
1.32 2 1630457657 1630976057 vorstellen.pdf
1.4 2 1630457657 1630976057 ermüden.pdf
1.3 2 1630457657 1630976057 heiraten.pdf
1.3 1 1630457657 1630544057 erwägen.pdf
1.56 2 1630457657 1630976057 nachfragen.pdf
2.5 5 1630359345 1638567345 tun.pdf
2.5 5 1630359345 1638567345 geben.pdf
1.4 2 1630457657 1630976057 berichten.pdf
2.5 5 1630359345 1638567345 reservieren.pdf
1.5 2 1630457657 1630976057 putzen.pdf
1.3 1 1630457657 1630544057 entwickeln.pdf
2.5 5 1630359345 1638567345 schreiben.pdf
2.32 4 1630359345 1633383345 abgehen.pdf
1.3 1 1630457657 1630544057 zubringen.pdf
1.5 2 1630457657 1630976057 schauen.pdf
1.76 2 1630457657 1630976057 frühstücken.pdf
2.5 4 1630359345 1633642545 benutzen.pdf
2.5 4 1630359345 1633642545 lesen.pdf
1.3 1 1630457657 1630544057 zukommen.jdm.pdf
2.5 4 1630359345 1633642545 bringen.pdf
2.2 5 1630359345 1635111345 schicken.pdf
1.3 2 1630457657 1630976057 abgeben.pdf
1.66 2 1630457657 1630976057 leid.tun.pdf
2.1 5 1630359345 1634938545 schenken.pdf
2.28 5 1630359345 1637616945 machen.pdf
1.82 5 1630359345 1633469745 einschlafen.pdf
2.5 4 1630359345 1633642545 verstehen.pdf
1.4 1 1630457657 1630544057 tragen.pdf
1.66 2 1630457657 1630976057 siegen.pdf
2.02 2 1630457657 1630976057 widersetzen.pdf
2.36 5 1630359345 1637098545 heben.pdf
2.5 4 1630359345 1633642545 antworten.pdf
1.3 2 1630457657 1630976057 beruhigen.pdf
1.5 2 1630457657 1630976057 kauern.pdf
2.5 4 1630359345 1633642545 telefonieren.pdf
1.4 2 1630457657 1630976057 vereinbaren.pdf
2.5 4 1630359345 1633642545 wagen.pdf
2.32 4 1630359345 1633383345 befinden.sich.pdf
2.02 2 1630457657 1630976057 ersaufen.pdf
1.4 1 1630457657 1630544057 dauern.pdf
1.4 2 1630457657 1630976057 vergleichen.pdf
1.5 2 1630457657 1630976057 nennen.pdf
2.46 4 1630359345 1633556145 weiterleben.pdf
1.4 2 1630457657 1630976057 aufstehen.pdf
1.4 1 1630457657 1630544057 bestellen.pdf
1.3 1 1630457657 1630544057 gebrauchen.pdf
2.06 2 1630457657 1630976057 verbinden.pdf
1.96 2 1630457657 1630976057 verkaufen.pdf
2.36 4 1630359345 1633383345 irren.pdf
2.46 4 1630359345 1633556145 verändern.pdf
2.06 2 1630457657 1630976057 rechnen.pdf
2.16 2 1630457657 1630976057 pendeln.pdf
1.3 1 1630457657 1630544057 versprechen.pdf
1.4 1 1630457657 1630544057 hüten.pdf
2.5 4 1630359345 1633642545 verlieren.pdf
1.3 2 1630457657 1630976057 ahnen.pdf
1.4 2 1630457657 1630976057 treiben.pdf
2.5 4 1630359345 1633642545 haben.pdf
1.4 1 1630457657 1630544057 langen.pdf
1.9 2 1630457657 1630976057 sich.vertun.pdf
2.5 4 1630359345 1633642545 nutzen.pdf
2.06 2 1630457657 1630976057 denken.pdf
2.5 4 1630359345 1633642545 essen.pdf
2.5 4 1630359345 1633642545 sprechen.pdf
1.5 2 1630457657 1630976057 üben.pdf
2.5 4 1630359345 1633642545 fragen.pdf
2.5 4 1630359345 1633642545 kommen.pdf
1.5 2 1630457657 1630976057 anklagen.pdf
2.5 4 1630359345 1633642545 bleiben.pdf
1.4 2 1630457657 1630976057 zunehmen.pdf
2.5 4 1630359345 1633642545 erobern.pdf
1.56 2 1630457657 1630976057 ankommen.pdf
2.16 2 1630457657 1630976057 werfen.pdf
1.4 1 1630457657 1630544057 riechen.pdf
1.4 2 1630457657 1630976057 erhalten.pdf
1.82 2 1630457657 1630976057 stehen.pdf
2 4 1630359345 1632432945 übersetzen.pdf
2.5 4 1630359345 1633642545 reagieren.pdf
2.46 4 1630359345 1633556145 schreien.pdf
2.46 4 1630359345 1633556145 sehen.pdf
1.92 4 1630359345 1632346545 pressieren.pdf
2.5 4 1630359345 1633642545 zerstören.pdf
2 4 1630359345 1632432945 impfen.pdf
2.06 2 1630457657 1630976057 mitspielen.pdf
1.4 3 1630359345 1631050545 entnehmen.pdf
2.5 4 1630359345 1633642545 glauben.pdf
2.5 4 1630359345 1633642545 helfen.pdf
1.42 2 1630457657 1630976057 lösen.pdf
2.26 4 1630359345 1633124145 schmerzen.pdf
1.3 1 1630457657 1630544057 bemühen.pdf
1.78 2 1630457657 1630976057 schaffen.pdf
2.16 2 1630457657 1630976057 lächeln.pdf
2.5 4 1630359345 1633642545 nehmen.pdf
1.66 2 1630457657 1630976057 vorfahren.pdf
2 4 1630359345 1632432945 kochen.pdf
1.74 2 1630457657 1630976057 einfallen.pdf
1.4 1 1630457657 1630544057 verwirklichen.pdf
2.5 4 1630359345 1633642545 sammeln.pdf
1.5 2 1630457657 1630976057 abstillen.pdf
1.5 3 1630359345 1631136945 versuchen.pdf
1.56 2 1630457657 1630976057 verbrennen.pdf
1.4 2 1630457657 1630976057 enthalten.pdf
2.5 4 1630359345 1633642545 ändern.pdf
1.68 2 1630457657 1630976057 zeigen.pdf
1.5 2 1630457657 1630976057 scherzen.pdf
1.4 2 1630457657 1630976057 betrügen.pdf
1.5 2 1630457657 1630976057 verheiraten.pdf
1.4 1 1630457657 1630544057 verwenden.pdf
1.3 1 1630457657 1630544057 umsteigen.pdf
1.3 1 1630457657 1630544057 verzichten.pdf
1.56 2 1630457657 1630976057 kreischen.pdf
1.82 2 1630457657 1630976057 nachladen.pdf
2.5 4 1630359345 1633642545 tutenchamun.1.pdf
2.46 4 1630359345 1633556145 tutenchamun.2.pdf
2.5 4 1630359345 1633642545 tutenchamun.3.pdf
2.5 4 1630359345 1633642545 tutenchamun.4.pdf
2.5 4 1630359345 1633642545 tutenchamun.5.pdf
2.46 4 1630359345 1633556145 tutenchamun.6.pdf
2.18 2 1630457657 1630976057 tutenchamun.7.pdf
2.5 4 1630359345 1633642545 lernen.pdf
1.52 2 1630457657 1630976057 aus.sein.pdf
1.3 1 1630457657 1630544057 wechseln.pdf
1.3 1 1630457657 1630544057 geschehen.pdf
2.46 4 1630359345 1633556145 können.pdf
2.5 4 1630359345 1633642545 mögen.pdf
2.46 4 1630359345 1633556145 wehtun.pdf
2.5 4 1630359345 1633642545 sagen.pdf
1.4 1 1630457657 1630544057 verlassen.pdf
1.52 2 1630457657 1630976057 blicken.pdf
1.3 1 1630457657 1630544057 empfangen.pdf
1.3 1 1630457657 1630544057 ablösen.pdf
1.3 2 1630457657 1630976057 anschauen.pdf
2.5 3 1630359345 1631655345 sitzen.pdf
1.3 1 1630457657 1630544057 umziehen.pdf
2.5 3 1630359345 1631655345 spielen.pdf
2.38 3 1630359345 1631568945 rufen.pdf
1.3 2 1630457657 1630976057 umschreiben.pdf
1.4 2 1630457657 1630976057 wählen.pdf
2.16 2 1630457657 1630976057 zahlen.pdf
1.56 2 1630457657 1630976057 anstrengen.pdf
1.3 2 1630457657 1630976057 behalten.pdf
1.3 1 1630457657 1630544057 beweisen.pdf
2.46 3 1630359345 1631655345 unterliegen.pdf
1.4 1 1630457657 1630544057 entschließen.pdf
2.5 3 1630359345 1631655345 fernsehen.pdf
1.82 2 1630457657 1630976057 tippen.pdf
1.96 2 1630457657 1630976057 bedeuten.pdf
2.5 3 1630359345 1631655345 sorgen.pdf
1.3 1 1630457657 1630544057 festsetzen.pdf
2.32 2 1630359345 1630877745 bitten.pdf
1.4 2 1630457657 1630976057 untersuchen.pdf
2.5 2 1630359345 1630877745 definieren.pdf
1.3 2 1630457657 1630976057 wiederholen.pdf
1.5 2 1630457657 1630976057 teilen.pdf
1.5 2 1630457657 1630976057 gesunden.pdf
2.38 2 1630457657 1630976057 belügen.pdf
2.5 2 1630359345 1630877745 gewinnen.pdf
2.5 2 1630359345 1630877745 murmeln.pdf
2.5 2 1630359345 1630877745 arbeiten.pdf
1.3 1 1630457657 1630544057 verzeichnen.pdf
2.5 2 1630457657 1630976057 spinnen.pdf
2.46 2 1630457657 1630976057 abbrennen.pdf
1.4 1 1630457657 1630544057 saugen.pdf
2.5 2 1630457657 1630976057 termin.pdf
2.5 2 1630457657 1630976057 ausrotten.pdf
2.36 2 1630457657 1630976057 bezahlen.pdf
2.16 2 1630457657 1630976057 verbluten.pdf
2.5 2 1630457657 1630976057 hören.pdf
2.5 2 1630457657 1630976057 steigen.pdf
2.5 1 1630457657 1630544057 sicher.pdf
2.5 1 1630457657 1630544057 sonnig.pdf
1.96 1 1630457657 1630544057 klappen.pdf
2.5 1 1630457657 1630544057 vergessen.pdf
2.5 1 1630457657 1630544057 bevor.pdf
2.5 1 1630457657 1630544057 weg.sein.pdf
1.52 1 1630457657 1630544057 gewaltig.pdf
1.42 1 1630457657 1630544057 neugierig.pdf
2.5 1 1630457657 1630544057 schlafen.pdf
2.5 1 1630457657 1630544057 jemand.pdf
2.5 1 1630457657 1630544057 vermieten.pdf
2.5 1 1630457657 1630544057 dass.pdf
2.5 1 1630457657 1630544057 verraten.pdf
2.5 1 1630457657 1630544057 vorwärts.pdf
2.5 1 1630457657 1630544057 obwohl.pdf
2.5 1 1630457657 1630544057 gänzlich.pdf
1.96 1 1630457657 1630544057 oberhalb.pdf
1.54 1 1630457657 1630544057 verdanken.pdf
1.64 1 1630457657 1630544057 ständig.pdf
2.5 1 1630457657 1630544057 nichts.pdf
